0.586829	0.524426
0.66409	0.483209
0.631746	0.424426
-0.3	0.0
-0.3	0.0
-0.3	0.0
-0.3	0.0
-0.3	0.0
-0.3	0.0
-0.3	0.0
-0.3	0.0
-0.3	0.0
-0.3	0.0
-0.3	0.0
-0.3	0.0
-0.3	0.0
-0.3	0.0
-0.3	0.0
-0.3	0.0
-0.3	0.0
-0.3	0.0
-0.3	0.0
-0.3	0.0
-0.3	0.0
-0.3	0.0
-0.3	0.0
-0.3	0.0
-0.3	0.0
-0.3	0.0
-0.3	0.0
-0.3	0.0
-0.3	0.0
-0.3	0.0
-0.3	0.0
-0.3	0.0
-0.3	0.0
-0.3	0.0
-0.3	0.0
-0.3	0.0
-0.3	0.0
-0.3	0.0
-0.3	0.0
-0.3	0.0
-0.3	0.0
-0.3	0.0
-0.3	0.0
-0.3	0.0
-0.3	0.0
-0.3	0.0
-0.3	0.0
-0.3	0.0
-0.3	0.0
-0.3	0.0
-0.3	0.0
-0.3	0.0
-0.3	0.0
-0.3	0.0
-0.3	0.0
-0.3	0.0
-0.3	0.0
-0.3	0.0
-0.3	0.0
-0.3	0.0
-0.3	0.0
-0.3	0.0
-0.3	0.0
-0.3	0.0
-0.3	0.0
-0.3	0.0
-0.3	0.0
-0.3	0.0
-0.3	0.0
-0.3	0.0
-0.3	0.0
-0.3	0.0
-0.3	0.0
-0.3	0.0
-0.3	0.0
-0.3	0.0
-0.3	0.0
-0.3	0.0
-0.3	0.0
-0.3	0.0
-0.3	0.0
-0.3	0.0
-0.3	0.0
-0.3	0.0
-0.3	0.0
-0.3	0.0
-0.3	0.0
-0.3	0.0
-0.3	0.0
-0.3	0.0
-0.3	0.0
-0.3	0.0
-0.3	0.0
-0.3	0.0
-0.3	0.0
-0.3	0.0
-0.3	0.0
-0.3	0.0
-0.3	0.0
-0.3	0.0
0.408815	-1.54744
0.464424	-1.44918
0.617372	-1.38077
0.80778	-1.26282
0.990861	-1.11833
1.19625	-0.978169
1.24904	-0.894529
1.08057	-0.858342
0.892331	-0.691135
0.761126	-0.33161
0.692236	0.0540341
0.807204	0.373255
1.11089	0.667117
1.30489	0.792797
-0.3	0.0
-0.3	0.0
-0.3	0.0
-0.3	0.0
-0.3	0.0
-0.3	0.0
-0.3	0.0
-0.3	0.0
-0.3	0.0
-0.3	0.0
-0.3	0.0
-0.3	0.0
-0.3	0.0
-0.3	0.0
-0.3	0.0
-0.3	0.0
-0.3	0.0
-0.3	0.0
-0.3	0.0
-0.3	0.0
-0.3	0.0
-0.3	0.0
-0.3	0.0
-0.3	0.0
-0.3	0.0
-0.3	0.0
-0.3	0.0
-0.3	0.0
-0.3	0.0
-0.3	0.0
-0.3	0.0
-0.3	0.0
-0.3	0.0
-0.3	0.0
-0.3	0.0
-0.3	0.0
-0.3	0.0
-0.3	0.0
-0.0210706	0.0777148
-0.0351667	0.106841
0.0298137	0.174578
0.0808634	0.173809
0.169386	0.215122
0.226486	0.301982
0.363299	0.374211
0.459485	0.477363
0.596552	0.688381
0.632138	0.825669
0.736312	0.911275
0.831704	0.962641
0.822336	0.917511
0.988838	0.931256
1.12826	0.996031
1.11642	1.1876
1.09759	1.38212
1.07468	1.60749
1.1448	1.7601
1.16636	1.84073
1.06353	1.73785
1.02083	1.5638
0.903283	1.36718
0.79781	1.19327
0.694015	1.07439
0.709087	0.966417
0.659975	0.820856
0.735895	0.62866
0.834184	0.441675
0.967959	0.3052
1.00127	0.224339
-0.3	0.0
-0.3	0.0
-0.3	0.0
-0.3	0.0
-0.3	0.0
-0.3	0.0
-0.3	0.0
-0.3	0.0
-0.3	0.0
-0.3	0.0
-0.3	0.0
-0.3	0.0
-0.3	0.0
-0.3	0.0
-0.3	0.0
-0.3	0.0
-0.3	0.0
-0.3	0.0
-0.3	0.0
-0.3	0.0
-0.3	0.0
-0.3	0.0
-0.3	0.0
-0.3	0.0
-0.3	0.0
-0.3	0.0
-0.3	0.0
-0.3	0.0
-0.3	0.0
-0.3	0.0
-0.3	0.0
-0.3	0.0
-0.3	0.0
-0.3	0.0
-0.3	0.0
0.167575	0.141293
0.207369	0.13062
0.170782	0.135878
0.147113	0.0889931
0.224826	0.0805392
0.209224	0.0753448
0.14444	0.0888415
0.245903	0.138484
0.313283	0.16438
0.267235	0.159244
0.237871	0.210848
0.308866	0.254588
0.437074	0.334925
0.500522	0.34645
0.490996	0.302454
0.494295	0.276594
0.482005	0.228067
0.519126	0.169207
0.478109	0.124944
0.443289	0.083055
0.512016	0.0686045
0.553857	-0.00372593
0.456296	-0.10607
0.47872	-0.202271
0.443383	-0.233155
0.364676	-0.303886
0.246555	-0.339325
0.15979	-0.364148
0.182424	-0.445748
0.309197	-0.53535
0.346018	-0.613354
0.471333	-0.644571
0.592847	-0.744022
0.687725	-0.819074
0.796613	-0.949675
0.846219	-1.03359
-0.3	0.0
-0.3	0.0
-0.3	0.0
-0.3	0.0
-0.3	0.0
-0.3	0.0
-0.3	0.0
-0.3	0.0
-0.3	0.0
-0.3	0.0
-0.3	0.0
-0.3	0.0
-0.3	0.0
-0.3	0.0
-0.3	0.0
-0.3	0.0
-0.3	0.0
-0.3	0.0
-0.3	0.0
-0.3	0.0
-0.3	0.0
-0.3	0.0
-0.3	0.0
-0.3	0.0
-0.3	0.0
-0.3	0.0
-0.3	0.0
-0.3	0.0
-0.3	0.0
-0.3	0.0
-0.3	0.0
-0.3	0.0
-0.3	0.0
-0.3	0.0
-0.3	0.0
-0.3	0.0
-0.3	0.0
-0.3	0.0
-0.3	0.0
-0.3	0.0
-0.3	0.0
-0.3	0.0
-0.3	0.0
-0.3	0.0
-0.3	0.0
-0.3	0.0
-0.3	0.0
-0.3	0.0
-0.3	0.0
-0.3	0.0
-0.3	0.0
-0.0553418	-0.325166
-0.112967	-0.371266
-0.0732154	-0.434292
-0.0307008	-0.441476
0.0148769	-0.336367
0.126339	-0.20412
0.370562	-0.129352
0.485513	-0.0453955
0.627189	0.102788
0.788992	0.123095
0.90976	0.186518
0.863456	0.259481
0.927376	0.195174
0.927375	0.169571
0.847993	0.20707
0.800977	0.308197
0.864705	0.443396
0.754263	0.74107
0.819974	0.913678
-0.3	0.0
-0.3	0.0
-0.3	0.0
-0.3	0.0
-0.3	0.0
-0.3	0.0
-0.3	0.0
-0.3	0.0
-0.3	0.0
-0.3	0.0
-0.3	0.0
-0.3	0.0
-0.3	0.0
-0.3	0.0
-0.3	0.0
-0.3	0.0
-0.3	0.0
-0.3	0.0
-0.3	0.0
-0.3	0.0
-0.3	0.0
-0.3	0.0
-0.3	0.0
-0.3	0.0
-0.3	0.0
-0.3	0.0
-0.3	0.0
-0.3	0.0
-0.3	0.0
-0.3	0.0
-0.3	0.0
-0.3	0.0
-0.3	0.0
-0.3	0.0
-0.3	0.0
-0.3	0.0
-0.3	0.0
-0.3	0.0
-0.3	0.0
-0.3	0.0
-0.3	0.0
-0.3	0.0
-0.3	0.0
-0.3	0.0
-0.3	0.0
-0.3	0.0
-0.3	0.0
-0.3	0.0
-0.3	0.0
-0.3	0.0
-0.3	0.0
-0.3	0.0
-0.3	0.0
-0.3	0.0
-0.3	0.0
-0.3	0.0
-0.3	0.0
-0.3	0.0
-0.3	0.0
-0.3	0.0
-0.3	0.0
-0.3	0.0
-0.3	0.0
-0.3	0.0
-0.3	0.0
-0.3	0.0
-0.3	0.0
-0.3	0.0
-0.3	0.0
-0.3	0.0
-0.3	0.0
-0.3	0.0
-0.3	0.0
-0.3	0.0
-0.3	0.0
-0.3	0.0
-0.3	0.0
-0.3	0.0
-0.3	0.0
-0.3	0.0
-0.3	0.0
-0.3	0.0
-0.3	0.0
-0.3	0.0
-0.3	0.0
-0.3	0.0
-0.3	0.0
-0.3	0.0
-0.3	0.0
-0.3	0.0
-0.3	0.0
-0.3	0.0
-0.3	0.0
-0.3	0.0
-0.3	0.0
-0.3	0.0
-0.3	0.0
-0.3	0.0
-0.3	0.0
-0.3	0.0
1.22691	0.772761
1.03723	0.627917
0.89908	0.52959
0.896313	0.349103
0.882517	0.244682
0.899252	0.138184
0.924566	0.102337
1.0041	0.0637533
0.96886	0.0853457
0.903488	0.191479
0.768064	0.328971
0.813164	0.550974
0.960188	0.927173
1.18793	1.23389
-0.3	0.0
-0.3	0.0
-0.3	0.0
-0.3	0.0
-0.3	0.0
-0.3	0.0
-0.3	0.0
-0.3	0.0
-0.3	0.0
-0.3	0.0
-0.3	0.0
-0.3	0.0
-0.3	0.0
-0.3	0.0
-0.3	0.0
-0.3	0.0
-0.3	0.0
-0.3	0.0
-0.3	0.0
-0.3	0.0
-0.3	0.0
-0.3	0.0
-0.3	0.0
-0.3	0.0
-0.3	0.0
-0.3	0.0
-0.3	0.0
-0.3	0.0
-0.3	0.0
-0.3	0.0
-0.3	0.0
-0.3	0.0
-0.3	0.0
-0.3	0.0
-0.3	0.0
-0.3	0.0
-0.10023	0.489479
-0.076513	0.361757
-0.00236693	0.293904
0.198725	0.194254
0.417986	0.125598
0.657379	0.125454
0.72964	0.188137
0.8213	0.249086
0.866971	0.237812
-0.3	0.0
-0.3	0.0
-0.3	0.0
-0.3	0.0
-0.3	0.0
-0.3	0.0
-0.3	0.0
-0.3	0.0
-0.3	0.0
-0.3	0.0
-0.3	0.0
-0.3	0.0
-0.3	0.0
-0.3	0.0
-0.3	0.0
-0.3	0.0
-0.3	0.0
-0.3	0.0
-0.3	0.0
-0.3	0.0
-0.3	0.0
-0.3	0.0
-0.3	0.0
-0.3	0.0
-0.3	0.0
-0.3	0.0
-0.3	0.0
-0.3	0.0
-0.3	0.0
-0.3	0.0
-0.3	0.0
-0.3	0.0
-0.3	0.0
-0.3	0.0
-0.3	0.0
-0.3	0.0
-0.3	0.0
-0.3	0.0
-0.3	0.0
-0.3	0.0
-0.3	0.0
-0.3	0.0
-0.3	0.0
-0.3	0.0
-0.3	0.0
-0.3	0.0
-0.3	0.0
-0.3	0.0
-0.3	0.0
-0.3	0.0
-0.3	0.0
-0.3	0.0
-0.3	0.0
-0.3	0.0
-0.3	0.0
-0.3	0.0
-0.3	0.0
-0.3	0.0
-0.3	0.0
-0.3	0.0
-0.3	0.0
-0.3	0.0
-0.3	0.0
-0.3	0.0
-0.3	0.0
-0.3	0.0
-0.3	0.0
-0.3	0.0
-0.3	0.0
-0.3	0.0
-0.3	0.0
-0.3	0.0
-0.3	0.0
-0.3	0.0
-0.3	0.0
-0.3	0.0
-0.3	0.0
-0.3	0.0
-0.3	0.0
-0.20477	-0.403287
-0.106779	-0.302137
0.0327594	-0.24206
0.190173	-0.249206
0.211508	-0.227583
0.305983	-0.178818
0.411514	-0.170577
0.517448	-0.114288
0.543157	-0.0794098
0.575402	-0.0261764
0.613463	0.0536859
0.638226	0.0887897
0.615108	0.0851298
0.591317	0.0774867
0.61765	0.0275869
0.671788	-0.0312806
0.665423	0.0587709
0.763962	0.2138
0.912418	0.455643
1.18953	0.782258
1.36991	1.05155
1.48635	1.23019
1.40136	1.42882
1.4206	1.66812
1.313	1.79379
1.08359	1.78583
0.635786	1.6941
0.288835	1.50591
0.050458	1.28373
-0.0253507	1.05219
-0.00364912	0.92581
0.0816378	0.842076
0.182789	0.728525
0.235477	0.608005
0.336767	0.45031
